33 25 36 38 30 28 29 66
33 25 36 43 30 28 29 66
33 25 36 38 30 28 31 29 66
33 25 36 38 30 28 44 63 66
33 25 36 43 30 28 31 29 66
33 25 36 43 30 28 44 63 66
33 25 36 24 47 39 30 28 29 66
33 25 36 24 47 40 30 28 29 66
33 25 36 38 30 28 31 44 63 66
33 25 36 43 30 28 31 44 63 66
33 35 23 25 36 38 30 28 29 66
33 35 23 25 36 43 30 28 29 66
33 25 36 24 47 26 32 30 28 29 66
33 25 36 24 47 39 30 28 31 29 66
33 25 36 24 47 39 30 28 44 63 66
33 25 36 24 47 40 30 28 31 29 66
33 25 36 24 47 40 30 28 44 63 66
33 25 36 42 34 47 39 30 28 29 66
33 25 36 42 34 47 40 30 28 29 66
33 35 23 25 36 38 30 28 31 29 66
33 35 23 25 36 38 30 28 44 63 66
33 35 23 25 36 43 30 28 31 29 66
33 35 23 25 36 43 30 28 44 63 66
33 25 36 24 47 26 27 46 30 28 29 66
33 25 36 24 47 26 32 30 28 31 29 66
33 25 36 24 47 26 32 30 28 44 63 66
33 25 36 24 47 39 30 28 31 44 63 66
33 25 36 24 47 40 30 28 31 44 63 66
33 25 36 42 34 37 47 39 30 28 29 66
33 25 36 42 34 37 47 40 30 28 29 66
33 25 36 42 34 47 26 32 30 28 29 66
33 25 36 42 34 47 39 30 28 31 29 66
33 25 36 42 34 47 39 30 28 44 63 66
33 25 36 42 34 47 40 30 28 31 29 66
33 25 36 42 34 47 40 30 28 44 63 66
33 35 23 25 36 24 47 39 30 28 29 66
33 35 23 25 36 24 47 40 30 28 29 66
33 35 23 25 36 38 30 28 31 44 63 66
33 35 23 25 36 43 30 28 31 44 63 66
33 25 36 24 47 26 27 46 30 28 31 29 66
33 25 36 24 47 26 27 46 30 28 44 63 66
33 25 36 24 47 26 32 30 28 31 44 63 66
33 25 36 42 34 37 47 26 32 30 28 29 66
33 25 36 42 34 37 47 39 30 28 31 29 66
33 25 36 42 34 37 47 39 30 28 44 63 66
33 25 36 42 34 37 47 40 30 28 31 29 66
33 25 36 42 34 37 47 40 30 28 44 63 66
33 25 36 42 34 47 26 27 46 30 28 29 66
33 25 36 42 34 47 26 32 30 28 31 29 66
33 25 36 42 34 47 26 32 30 28 44 63 66
33 25 36 42 34 47 39 30 28 31 44 63 66
33 25 36 42 34 47 40 30 28 31 44 63 66
33 35 23 25 36 24 47 26 32 30 28 29 66
33 35 23 25 36 24 47 39 30 28 31 29 66
33 35 23 25 36 24 47 39 30 28 44 63 66
33 35 23 25 36 24 47 40 30 28 31 29 66
33 35 23 25 36 24 47 40 30 28 44 63 66
33 35 23 25 36 42 34 47 39 30 28 29 66
33 35 23 25 36 42 34 47 40 30 28 29 66
33 25 36 24 47 26 27 46 30 28 31 44 63 66
33 25 36 42 34 37 47 26 27 46 30 28 29 66
33 25 36 42 34 37 47 26 32 30 28 31 29 66
33 25 36 42 34 37 47 26 32 30 28 44 63 66
33 25 36 42 34 37 47 39 30 28 31 44 63 66
33 25 36 42 34 37 47 40 30 28 31 44 63 66
33 25 36 42 34 47 26 27 46 30 28 31 29 66
33 25 36 42 34 47 26 27 46 30 28 44 63 66
33 25 36 42 34 47 26 32 30 28 31 44 63 66
33 35 23 25 36 24 47 26 27 46 30 28 29 66
33 35 23 25 36 24 47 26 32 30 28 31 29 66
33 35 23 25 36 24 47 26 32 30 28 44 63 66
33 35 23 25 36 24 47 39 30 28 31 44 63 66
33 35 23 25 36 24 47 40 30 28 31 44 63 66
33 35 23 25 36 42 34 37 47 39 30 28 29 66
33 35 23 25 36 42 34 37 47 40 30 28 29 66
33 35 23 25 36 42 34 47 26 32 30 28 29 66
33 35 23 25 36 42 34 47 39 30 28 31 29 66
33 35 23 25 36 42 34 47 39 30 28 44 63 66
33 35 23 25 36 42 34 47 40 30 28 31 29 66
33 35 23 25 36 42 34 47 40 30 28 44 63 66
33 25 36 42 34 37 47 26 27 46 30 28 31 29 66
33 25 36 42 34 37 47 26 27 46 30 28 44 63 66
33 25 36 42 34 37 47 26 32 30 28 31 44 63 66
33 25 36 42 34 47 26 27 46 30 28 31 44 63 66
33 35 23 25 36 24 47 26 27 46 30 28 31 29 66
33 35 23 25 36 24 47 26 27 46 30 28 44 63 66
33 35 23 25 36 24 47 26 32 30 28 31 44 63 66
33 35 23 25 36 42 34 37 47 26 32 30 28 29 66
33 35 23 25 36 42 34 37 47 39 30 28 31 29 66
33 35 23 25 36 42 34 37 47 39 30 28 44 63 66
33 35 23 25 36 42 34 37 47 40 30 28 31 29 66
33 35 23 25 36 42 34 37 47 40 30 28 44 63 66
33 35 23 25 36 42 34 47 26 27 46 30 28 29 66
33 35 23 25 36 42 34 47 26 32 30 28 31 29 66
33 35 23 25 36 42 34 47 26 32 30 28 44 63 66
33 35 23 25 36 42 34 47 39 30 28 31 44 63 66
33 35 23 25 36 42 34 47 40 30 28 31 44 63 66
33 25 36 42 34 37 47 26 27 46 30 28 31 44 63 66
33 35 23 25 36 24 47 26 27 46 30 28 31 44 63 66
33 35 23 25 36 42 34 37 47 26 27 46 30 28 29 66
33 35 23 25 36 42 34 37 47 26 32 30 28 31 29 66
33 35 23 25 36 42 34 37 47 26 32 30 28 44 63 66
33 35 23 25 36 42 34 37 47 39 30 28 31 44 63 66
33 35 23 25 36 42 34 37 47 40 30 28 31 44 63 66
33 35 23 25 36 42 34 47 26 27 46 30 28 31 29 66
33 35 23 25 36 42 34 47 26 27 46 30 28 44 63 66
33 35 23 25 36 42 34 47 26 32 30 28 31 44 63 66
33 35 23 25 36 42 34 37 47 26 27 46 30 28 31 29 66
33 35 23 25 36 42 34 37 47 26 27 46 30 28 44 63 66
33 35 23 25 36 42 34 37 47 26 32 30 28 31 44 63 66
33 35 23 25 36 42 34 47 26 27 46 30 28 31 44 63 66
33 35 23 25 36 42 34 37 47 26 27 46 30 28 31 44 63 66
