24 28 29 53 32 34 31 35 38 40 41 42 44 45 26 27 30 51
24 28 29 53 32 34 31 35 38 40 41 42 44 45 26 27 48 49
24 28 29 54 32 34 31 35 38 40 41 42 44 45 26 27 30 51
24 28 29 54 32 34 31 35 38 40 41 42 44 45 26 27 48 49
24 28 29 53 32 34 31 35 38 40 41 52 43 44 45 26 27 30 51
24 28 29 53 32 34 31 35 38 40 41 52 43 44 45 26 27 48 49
24 28 29 54 32 34 31 35 38 40 41 52 43 44 45 26 27 30 51
24 28 29 54 32 34 31 35 38 40 41 52 43 44 45 26 27 48 49
24 28 29 53 33 47 36 50 37 39 46 40 41 42 44 45 26 27 30 51
24 28 29 53 33 47 36 50 37 39 46 40 41 42 44 45 26 27 48 49
24 28 29 54 33 47 36 50 37 39 46 40 41 42 44 45 26 27 30 51
24 28 29 54 33 47 36 50 37 39 46 40 41 42 44 45 26 27 48 49
24 28 29 53 33 47 36 50 37 39 46 40 41 52 43 44 45 26 27 30 51
24 28 29 53 33 47 36 50 37 39 46 40 41 52 43 44 45 26 27 48 49
24 28 29 54 33 47 36 50 37 39 46 40 41 52 43 44 45 26 27 30 51
24 28 29 54 33 47 36 50 37 39 46 40 41 52 43 44 45 26 27 48 49
