16 19 34 38 42 41 43 45 52 53
16 19 34 38 42 41 43 45 52 54
16 20 32 31 49 46 51 45 52 53
16 20 32 31 49 46 51 45 52 54
16 19 34 38 39 40 41 43 45 52 53
16 19 34 38 39 40 41 43 45 52 54
16 20 29 37 31 49 46 51 45 52 53
16 20 29 37 31 49 46 51 45 52 54
16 20 32 34 38 42 41 43 45 52 53
16 20 32 34 38 42 41 43 45 52 54
16 18 28 36 25 38 42 41 43 45 52 53
16 18 28 36 25 38 42 41 43 45 52 54
16 20 32 34 38 39 40 41 43 45 52 53
16 20 32 34 38 39 40 41 43 45 52 54
16 18 28 36 25 38 39 40 41 43 45 52 53
16 18 28 36 25 38 39 40 41 43 45 52 54
16 19 26 27 36 25 38 42 41 43 45 52 53
16 19 26 27 36 25 38 42 41 43 45 52 54
16 20 32 28 36 25 38 42 41 43 45 52 53
16 20 32 28 36 25 38 42 41 43 45 52 54
16 20 32 31 49 46 50 40 41 43 45 52 53
16 20 32 31 49 46 50 40 41 43 45 52 54
16 19 26 27 36 25 38 39 40 41 43 45 52 53
16 19 26 27 36 25 38 39 40 41 43 45 52 54
16 20 29 37 28 36 25 38 42 41 43 45 52 53
16 20 29 37 28 36 25 38 42 41 43 45 52 54
16 20 29 37 31 49 46 50 40 41 43 45 52 53
16 20 29 37 31 49 46 50 40 41 43 45 52 54
16 20 32 26 27 36 25 38 42 41 43 45 52 53
16 20 32 26 27 36 25 38 42 41 43 45 52 54
16 20 32 28 36 25 38 39 40 41 43 45 52 53
16 20 32 28 36 25 38 39 40 41 43 45 52 54
16 20 29 37 28 36 25 38 39 40 41 43 45 52 53
16 20 29 37 28 36 25 38 39 40 41 43 45 52 54
16 20 32 26 27 36 25 38 39 40 41 43 45 52 53
16 20 32 26 27 36 25 38 39 40 41 43 45 52 54
