27 28 32 31 33 35 37 38 39 40
27 28 32 31 45 35 37 38 39 40
27 28 32 31 46 35 37 38 39 40
27 28 32 31 33 34 35 37 38 39 40
27 28 32 31 33 35 36 37 38 39 40
27 28 32 31 45 34 35 37 38 39 40
27 28 32 31 45 35 36 37 38 39 40
27 28 32 31 46 34 35 37 38 39 40
27 28 32 31 46 35 36 37 38 39 40
27 29 30 32 31 33 35 37 38 39 40
27 29 30 32 31 45 35 37 38 39 40
27 29 30 32 31 46 35 37 38 39 40
27 28 32 31 33 34 35 36 37 38 39 40
27 28 32 31 45 34 35 36 37 38 39 40
27 28 32 31 46 34 35 36 37 38 39 40
27 29 30 32 31 33 34 35 37 38 39 40
27 29 30 32 31 33 35 36 37 38 39 40
27 29 30 32 31 45 34 35 37 38 39 40
27 29 30 32 31 45 35 36 37 38 39 40
27 29 30 32 31 46 34 35 37 38 39 40
27 29 30 32 31 46 35 36 37 38 39 40
27 29 30 32 31 33 34 35 36 37 38 39 40
27 29 30 32 31 45 34 35 36 37 38 39 40
27 29 30 32 31 46 34 35 36 37 38 39 40
